function features = ye_yu_wang()

x = [0, 0, -.22, .22, 0, 0, -.08, .06, 0.06, 0]'*10;
y = [0, 0, 0, 0, 0.35, 0.1, -0.65, -0.65, -0.105, 0.1]'*10;
z = [0, 0, -0.25, -0.25, -0.25, -0.25, -0.25, -0.25, 0.625, 0.625]'*10;
a = [0.69, 0.6624, 0.41, 0.31, 0.21, 0.046, 0.23, 0.23, 0.04, 0.56]'*10;
b = [0.92, 0.874, 0.16, 0.11, 0.25, 0.046, 0.023, 0.023, 0.04, 0.56]'*10;
c = [0.9, 0.88, 0.21, 0.22, 0.5, 0.046, 0.02, 0.02, 0.10, 0.10]'*10;
theta = zeros(10,1);
phi = [0, 0, 108, 72, 0, 0, 0, 90, 90, 0]';  
psi = zeros(10,1);
mu = [1, -0.8, -.2, -.2, .2, .2, .1, .1, .2, -.2]';
features = [x,y,z,a,b,c,theta,phi,psi,mu];
end


